Mesh Number: 0
14
effectSpecular
4
NULL
4
null
Spec Expo =50
Alpha Value =1
Primitive Count =36
Vertex Count:36

{(-0.828053 0 0.310851) &3.43597e+009 | 0 0 1 -1.07374e+008 -1.07374e+008 -1.07374e+008 -1.07374e+008 -1.07374e+008 -1.07374e+008 /0.375 0}
{(1.18165 0 0.310851) &3.43597e+009 | 0 0 1 -1.07374e+008 -1.07374e+008 -1.07374e+008 -1.07374e+008 -1.07374e+008 -1.07374e+008 /0.625 0}
{(-0.828053 2.17965 0.310851) &3.43597e+009 | 0 0 1 -1.07374e+008 -1.07374e+008 -1.07374e+008 -1.07374e+008 -1.07374e+008 -1.07374e+008 /0.375 0.25}
{(1.18165 2.17965 0.310851) &3.43597e+009 | 0 0 1 -1.07374e+008 -1.07374e+008 -1.07374e+008 -1.07374e+008 -1.07374e+008 -1.07374e+008 /0.625 0.25}
{(-0.828053 2.17965 -1.80319) &3.43597e+009 | 0 1 0 -1.07374e+008 -1.07374e+008 -1.07374e+008 -1.07374e+008 -1.07374e+008 -1.07374e+008 /0.375 0.5}
{(1.18165 2.17965 -1.80319) &3.43597e+009 | 0 1 0 -1.07374e+008 -1.07374e+008 -1.07374e+008 -1.07374e+008 -1.07374e+008 -1.07374e+008 /0.625 0.5}
{(-0.828053 0 -1.80319) &3.43597e+009 | 0 0 -1 -1.07374e+008 -1.07374e+008 -1.07374e+008 -1.07374e+008 -1.07374e+008 -1.07374e+008 /0.375 0.75}
{(1.18165 0 -1.80319) &3.43597e+009 | 0 0 -1 -1.07374e+008 -1.07374e+008 -1.07374e+008 -1.07374e+008 -1.07374e+008 -1.07374e+008 /0.625 0.75}
{(1.18165 2.17965 0.310851) &3.43597e+009 | 0 0 1 -1.07374e+008 -1.07374e+008 -1.07374e+008 -1.07374e+008 -1.07374e+008 -1.07374e+008 /0.625 0.25}
{(-0.828053 0 0.310851) &3.43597e+009 | 0 0 1 -1.07374e+008 -1.07374e+008 -1.07374e+008 -1.07374e+008 -1.07374e+008 -1.07374e+008 /0.375 0}
{(-0.828053 2.17965 0.310851) &3.43597e+009 | 0 1 0 -1.07374e+008 -1.07374e+008 -1.07374e+008 -1.07374e+008 -1.07374e+008 -1.07374e+008 /0.375 0.25}
{(1.18165 2.17965 0.310851) &3.43597e+009 | 0 1 0 -1.07374e+008 -1.07374e+008 -1.07374e+008 -1.07374e+008 -1.07374e+008 -1.07374e+008 /0.625 0.25}
{(-0.828053 2.17965 0.310851) &3.43597e+009 | 0 1 0 -1.07374e+008 -1.07374e+008 -1.07374e+008 -1.07374e+008 -1.07374e+008 -1.07374e+008 /0.375 0.25}
{(1.18165 2.17965 -1.80319) &3.43597e+009 | 0 1 0 -1.07374e+008 -1.07374e+008 -1.07374e+008 -1.07374e+008 -1.07374e+008 -1.07374e+008 /0.625 0.5}
{(-0.828053 2.17965 -1.80319) &3.43597e+009 | 0 0 -1 -1.07374e+008 -1.07374e+008 -1.07374e+008 -1.07374e+008 -1.07374e+008 -1.07374e+008 /0.375 0.5}
{(1.18165 0 -1.80319) &3.43597e+009 | 0 0 -1 -1.07374e+008 -1.07374e+008 -1.07374e+008 -1.07374e+008 -1.07374e+008 -1.07374e+008 /0.625 0.75}
{(-0.828053 2.17965 -1.80319) &3.43597e+009 | 0 0 -1 -1.07374e+008 -1.07374e+008 -1.07374e+008 -1.07374e+008 -1.07374e+008 -1.07374e+008 /0.375 0.5}
{(1.18165 2.17965 -1.80319) &3.43597e+009 | 0 0 -1 -1.07374e+008 -1.07374e+008 -1.07374e+008 -1.07374e+008 -1.07374e+008 -1.07374e+008 /0.625 0.5}
{(1.18165 0 0.310851) &3.43597e+009 | 0 -1 0 -1.07374e+008 -1.07374e+008 -1.07374e+008 -1.07374e+008 -1.07374e+008 -1.07374e+008 /0.625 1}
{(-0.828053 0 0.310851) &3.43597e+009 | 0 -1 0 -1.07374e+008 -1.07374e+008 -1.07374e+008 -1.07374e+008 -1.07374e+008 -1.07374e+008 /0.375 1}
{(-0.828053 0 -1.80319) &3.43597e+009 | 0 -1 0 -1.07374e+008 -1.07374e+008 -1.07374e+008 -1.07374e+008 -1.07374e+008 -1.07374e+008 /0.375 0.75}
{(1.18165 0 0.310851) &3.43597e+009 | 0 -1 0 -1.07374e+008 -1.07374e+008 -1.07374e+008 -1.07374e+008 -1.07374e+008 -1.07374e+008 /0.625 1}
{(-0.828053 0 -1.80319) &3.43597e+009 | 0 -1 0 -1.07374e+008 -1.07374e+008 -1.07374e+008 -1.07374e+008 -1.07374e+008 -1.07374e+008 /0.375 0.75}
{(1.18165 0 -1.80319) &3.43597e+009 | 0 -1 0 -1.07374e+008 -1.07374e+008 -1.07374e+008 -1.07374e+008 -1.07374e+008 -1.07374e+008 /0.625 0.75}
{(1.18165 2.17965 0.310851) &3.43597e+009 | 1 0 0 -1.07374e+008 -1.07374e+008 -1.07374e+008 -1.07374e+008 -1.07374e+008 -1.07374e+008 /0.625 0.25}
{(1.18165 0 0.310851) &3.43597e+009 | 1 0 0 -1.07374e+008 -1.07374e+008 -1.07374e+008 -1.07374e+008 -1.07374e+008 -1.07374e+008 /0.625 0}
{(1.18165 2.17965 -1.80319) &3.43597e+009 | 1 0 0 -1.07374e+008 -1.07374e+008 -1.07374e+008 -1.07374e+008 -1.07374e+008 -1.07374e+008 /0.875 0.25}
{(1.18165 0 0.310851) &3.43597e+009 | 1 0 0 -1.07374e+008 -1.07374e+008 -1.07374e+008 -1.07374e+008 -1.07374e+008 -1.07374e+008 /0.625 0}
{(1.18165 0 -1.80319) &3.43597e+009 | 1 0 0 -1.07374e+008 -1.07374e+008 -1.07374e+008 -1.07374e+008 -1.07374e+008 -1.07374e+008 /0.875 0}
{(1.18165 2.17965 -1.80319) &3.43597e+009 | 1 0 0 -1.07374e+008 -1.07374e+008 -1.07374e+008 -1.07374e+008 -1.07374e+008 -1.07374e+008 /0.875 0.25}
{(-0.828053 2.17965 0.310851) &3.43597e+009 | -1 0 0 -1.07374e+008 -1.07374e+008 -1.07374e+008 -1.07374e+008 -1.07374e+008 -1.07374e+008 /0.375 0.25}
{(-0.828053 0 -1.80319) &3.43597e+009 | -1 0 0 -1.07374e+008 -1.07374e+008 -1.07374e+008 -1.07374e+008 -1.07374e+008 -1.07374e+008 /0.125 0}
{(-0.828053 0 0.310851) &3.43597e+009 | -1 0 0 -1.07374e+008 -1.07374e+008 -1.07374e+008 -1.07374e+008 -1.07374e+008 -1.07374e+008 /0.375 0}
{(-0.828053 0 -1.80319) &3.43597e+009 | -1 0 0 -1.07374e+008 -1.07374e+008 -1.07374e+008 -1.07374e+008 -1.07374e+008 -1.07374e+008 /0.125 0}
{(-0.828053 2.17965 0.310851) &3.43597e+009 | -1 0 0 -1.07374e+008 -1.07374e+008 -1.07374e+008 -1.07374e+008 -1.07374e+008 -1.07374e+008 /0.375 0.25}
{(-0.828053 2.17965 -1.80319) &3.43597e+009 | -1 0 0 -1.07374e+008 -1.07374e+008 -1.07374e+008 -1.07374e+008 -1.07374e+008 -1.07374e+008 /0.125 0.25}
[3,2,0]
[8,9,1]
[5,10,11]
[12,13,4]
[7,6,14]
[15,16,17]
[18,19,20]
[21,22,23]
[24,25,26]
[27,28,29]
[30,31,32]
[33,34,35]
